Accuracy = 0.6366142595978063
AUC = 0.6569239928400661
NPV = 0.6779385087678497
TNR = 0.4484960381567813
Seg_score = 0.5398498050799588
Confusion matrix, without normalization
[[29150 35845]
 [13848 57907]]

