Model : RandomForest 70 n_estimators / 10 max_depths
Acc : 0.7008558675384594
AUC : 0.7439850715519633
NPV : 0.7185124974598659
TNR : 0.5411717889065752
Seg-score 0.6173589649573097

Model : MLP layers (4, 4, 4) / tanh  activation
Acc : 0.6923859184537053
AUC : 0.73116126623454
NPV : 0.7081236520488857
TNR : 0.5276570344067589
Seg-score 0.6047131668727691

Model : KNeighbors n_neighbors 12 / distance p=1 Minkowski
Acc : 0.705053304030904
AUC : 0.7633250242641404
NPV : 0.6816561827647938
TNR : 0.6352393779845721
Seg-score 0.6576297505209036
